Webots Project File version R2019a
perspectives: 000000ff00000000fd00000003000000000000000000000000fc0100000001fb0000001a0044006f00630075006d0065006e0074006100740069006f006e0000000000ffffffff0000005400ffffff00000001000006bc000004eafc0200000001fb0000001400540065007800740045006400690074006f0072010000002f000004ea0000010b00ffffff0000000300000f0000000287fc0100000001fb0000000e0043006f006e0073006f006c0065010000000000000f000000009500ffffff0000083e000004ea00000001000000020000000100000008fc00000000
simulationViewPerspectives: 000000ff0000000100000002000002ac000007840100000006010000000100
sceneTreePerspectives: 000000ff0000000100000002000000c0000000fc0100000006010000000200
minimizedPerspectives: 000000ff00000000fd000000020000000100000124000001f8fc0200000001fb0000001400540065007800740045006400690074006f00720100000000000001f8000000aa00ffffff0000000300000500000000dcfc0100000001fb0000000e0043006f006e0073006f006c00650100000000000005000000004f00ffffff000003d6000001f800000001000000020000000100000008fc00000000
maximizedDockId: -1
centralWidgetVisible: 1
projectionMode: ORTHOGRAPHIC
renderingMode: PLAIN
selectionDisabled: 0
viewpointLocked: 0
orthographicViewHeight: 3.23015
textFiles: 2 "controllers/rnnGAsupervisor_Jh/rnnGAsupervisor_Jh.c" "controllers/mlpGA_Jh/mlpGA_Jh.c" "controllers/mlpGA_Jh/mlp.c"
globalOptionalRendering: LightSensorRays
renderingDevicePerspectives: Supervisor:display;1;3.92;0.00113443;0.0466067
renderingDevicePerspectives: e-puck:camera;0;1;0;0
